IphoneCase
----------
http://www.redbubble.com/many-works/show?product=iphone-case&works=11458424,18391538,18320872,11669445,13137929,18388432,11520926,9179384,11761182,15779237,8515452,16455279,12757824,12301281

Tshirt: 
------
http://www.redbubble.com/many-works/show&works=8515452,8235002,6329046,11993101,12918867,13832566,12279173,12214255,11480217,11015179
8515452 8235002 6329046 11993101 12918867 13832566 12279173 12214255 11480217 11015179

Top Picks For you:
--------
http://www.redbubble.com/many-works/show&works=18462621

Trendings now:
---------
http://www.redbubble.com/many-works/show?works=18119123,18329864,15200192,9726776,12711516,17880346,18315796,17446285,18366600,18286925,18000593
